                                                                                                                                                                                                                                                                



                        1                         2                         3                         4                         5                         6                         7
                   E_norm                  Re(freq)                  Im(freq)                         l                       n_g                       n_p                      n_pg
  0.3191645239300821E-004   0.8249086336987004E+003   0.0000000000000000E+000                         0                         0                         5                         5
  0.1231018750737086E-004   0.9721641031002804E+003   0.0000000000000000E+000                         0                         0                         6                         6
  0.5230666384610278E-005   0.1117329457268517E+004   0.0000000000000000E+000                         0                         0                         7                         7
  0.2267847777819277E-005   0.1262788827263319E+004   0.0000000000000000E+000                         0                         0                         8                         8
  0.1013166138590278E-005   0.1406694364290334E+004   0.0000000000000000E+000                         0                         0                         9                         9
  0.4542767562610247E-006   0.1547692996100027E+004   0.0000000000000000E+000                         0                         0                        10                        10
  0.2195353937721554E-006   0.1686005267299104E+004   0.0000000000000000E+000                         0                         0                        11                        11
  0.1209130005828563E-006   0.1821409860585198E+004   0.0000000000000000E+000                         0                         0                        12                        12
  0.7438901729268075E-007   0.1956908062260721E+004   0.0000000000000000E+000                         0                         0                        13                        13
  0.4910050259014059E-007   0.2093023822870571E+004   0.0000000000000000E+000                         0                         0                        14                        14
  0.3318716804243707E-007   0.2228595687354624E+004   0.0000000000000000E+000                         0                         0                        15                        15
  0.2351374507068038E-007   0.2363528033471671E+004   0.0000000000000000E+000                         0                         0                        16                        16
  0.1813050279743510E-007   0.2497555385869182E+004   0.0000000000000000E+000                         0                         0                        17                        17
  0.1502245202421158E-007   0.2632049694102115E+004   0.0000000000000000E+000                         0                         0                        18                        18
  0.1308807844476714E-007   0.2767657326582654E+004   0.0000000000000000E+000                         0                         0                        19                        19
  0.1162887476672051E-007   0.2903632086704805E+004   0.0000000000000000E+000                         0                         0                        20                        20
  0.1047757493392170E-007   0.3040061880184565E+004   0.0000000000000000E+000                         0                         0                        21                        21
  0.9695279951934834E-008   0.3176504837806142E+004   0.0000000000000000E+000                         0                         0                        22                        22
  0.9179629881137517E-008   0.3313101619051670E+004   0.0000000000000000E+000                         0                         0                        23                        23
  0.8906093712877075E-008   0.3450307425126543E+004   0.0000000000000000E+000                         0                         0                        24                        24
  0.8765595023658210E-008   0.3587763679265571E+004   0.0000000000000000E+000                         0                         0                        25                        25
  0.8684960671327735E-008   0.3725672975011215E+004   0.0000000000000000E+000                         0                         0                        26                        26
  0.8701710252056800E-008   0.3863832701211965E+004   0.0000000000000000E+000                         0                         0                        27                        27
  0.8755965835045933E-008   0.4002128977513162E+004   0.0000000000000000E+000                         0                         0                        28                        28
  0.8874073660503296E-008   0.4140759784501422E+004   0.0000000000000000E+000                         0                         0                        29                        29
  0.9056922797089907E-008   0.4279424314900649E+004   0.0000000000000000E+000                         0                         0                        30                        30
  0.9274894860143761E-008   0.4418323560352452E+004   0.0000000000000000E+000                         0                         0                        31                        31
  0.1566115388530690E-004   0.9360713981338625E+003   0.0000000000000000E+000                         1                         0                         5                         5
  0.6536583486198582E-005   0.1079792885606069E+004   0.0000000000000000E+000                         1                         0                         6                         6
  0.2861930957998532E-005   0.1224170424122030E+004   0.0000000000000000E+000                         1                         0                         7                         7
  0.1285997456257914E-005   0.1366478840577753E+004   0.0000000000000000E+000                         1                         0                         8                         8
  0.5734126222631686E-006   0.1507364286043889E+004   0.0000000000000000E+000                         1                         0                         9                         9
  0.2725960461931204E-006   0.1645176052730640E+004   0.0000000000000000E+000                         1                         0                        10                        10
  0.1437291587442574E-006   0.1780055439333001E+004   0.0000000000000000E+000                         1                         0                        11                        11
  0.8621560746159884E-007   0.1914763382102424E+004   0.0000000000000000E+000                         1                         0                        12                        12
  0.5626876838791576E-007   0.2049631346883956E+004   0.0000000000000000E+000                         1                         0                        13                        13
  0.3764083554391168E-007   0.2184877518745946E+004   0.0000000000000000E+000                         1                         0                        14                        14
  0.2629941733514025E-007   0.2319429137525427E+004   0.0000000000000000E+000                         1                         0                        15                        15
  0.1966452990883381E-007   0.2452816660650367E+004   0.0000000000000000E+000                         1                         0                        16                        16
  0.1594855544039384E-007   0.2586657458171205E+004   0.0000000000000000E+000                         1                         0                        17                        17
  0.1375599855761535E-007   0.2721199486221160E+004   0.0000000000000000E+000                         1                         0                        18                        18
  0.1212242782610382E-007   0.2856534291196601E+004   0.0000000000000000E+000                         1                         0                        19                        19
  0.1089077070263707E-007   0.2992427803438962E+004   0.0000000000000000E+000                         1                         0                        20                        20
  0.9973913439069811E-008   0.3128198586471708E+004   0.0000000000000000E+000                         1                         0                        21                        21
  0.9355642722860552E-008   0.3264346158967882E+004   0.0000000000000000E+000                         1                         0                        22                        22
  0.9027209259362550E-008   0.3400808167273245E+004   0.0000000000000000E+000                         1                         0                        23                        23
  0.8827239193588421E-008   0.3537667596860668E+004   0.0000000000000000E+000                         1                         0                        24                        24
  0.8736731242543013E-008   0.3675074261673920E+004   0.0000000000000000E+000                         1                         0                        25                        25
  0.8718240351471662E-008   0.3812589808008524E+004   0.0000000000000000E+000                         1                         0                        26                        26
  0.8747108923441404E-008   0.3950478159441006E+004   0.0000000000000000E+000                         1                         0                        27                        27
  0.8857713918879567E-008   0.4088566144665012E+004   0.0000000000000000E+000                         1                         0                        28                        28
  0.9001373787710659E-008   0.4226762727942551E+004   0.0000000000000000E+000                         1                         0                        29                        29
  0.9213062439752761E-008   0.4365270891450030E+004   0.0000000000000000E+000                         1                         0                        30                        30
  0.2883178650646169E-004   0.8390014857797709E+003   0.0000000000000000E+000                         2                         0                         4                         4
  0.1121443496378279E-004   0.9867298482486568E+003   0.0000000000000000E+000                         2                         0                         5                         5
  0.4816184527863275E-005   0.1131997369488413E+004   0.0000000000000000E+000                         2                         0                         6                         6
  0.2097685987026170E-005   0.1276951613280204E+004   0.0000000000000000E+000                         2                         0                         7                         7
  0.9382152408098752E-006   0.1420486734035430E+004   0.0000000000000000E+000                         2                         0                         8                         8
  0.4238920796462535E-006   0.1560790777653470E+004   0.0000000000000000E+000                         2                         0                         9                         9
  0.2067863266548145E-006   0.1698529589903353E+004   0.0000000000000000E+000                         2                         0                        10                        10
  0.1155148335316431E-006   0.1833645864238600E+004   0.0000000000000000E+000                         2                         0                        11                        11
  0.7168747106754045E-007   0.1968895312278033E+004   0.0000000000000000E+000                         2                         0                        12                        12
  0.4743758560462727E-007   0.2104905359909661E+004   0.0000000000000000E+000                         2                         0                        13                        13
  0.3219906148115397E-007   0.2240230607111413E+004   0.0000000000000000E+000                         2                         0                        14                        14
  0.2293327537904055E-007   0.2374899786362365E+004   0.0000000000000000E+000                         2                         0                        15                        15
  0.1781849734409603E-007   0.2508844626280824E+004   0.0000000000000000E+000                         2                         0                        16                        16
  0.1484823283796015E-007   0.2643247917292383E+004   0.0000000000000000E+000                         2                         0                        17                        17
  0.1295875368874889E-007   0.2778825902009587E+004   0.0000000000000000E+000                         2                         0                        18                        18
  0.1153733714065914E-007   0.2914734355637837E+004   0.0000000000000000E+000                         2                         0                        19                        19
  0.1040840233736247E-007   0.3051028069065541E+004   0.0000000000000000E+000                         2                         0                        20                        20
  0.9651305052081579E-008   0.3187404267011059E+004   0.0000000000000000E+000                         2                         0                        21                        21
  0.9160990812826835E-008   0.3323895485150570E+004   0.0000000000000000E+000                         2                         0                        22                        22
  0.8896201325659793E-008   0.3461021232775783E+004   0.0000000000000000E+000                         2                         0                        23                        23
  0.8766781633001029E-008   0.3598405226520125E+004   0.0000000000000000E+000                         2                         0                        24                        24
  0.8690580187173223E-008   0.3736188013518835E+004   0.0000000000000000E+000                         2                         0                        25                        25
  0.8711315141740333E-008   0.3874261370306064E+004   0.0000000000000000E+000                         2                         0                        26                        26
  0.8773149290194505E-008   0.4012435496178870E+004   0.0000000000000000E+000                         2                         0                        27                        27
  0.8892156163033938E-008   0.4150942973122212E+004   0.0000000000000000E+000                         2                         0                        28                        28
  0.9081687523524965E-008   0.4289501264602383E+004   0.0000000000000000E+000                         2                         0                        29                        29
  0.9302651245788934E-008   0.4428258887345733E+004   0.0000000000000000E+000                         2                         0                        30                        30
  0.2149917402798425E-004   0.8819980215396595E+003   0.0000000000000000E+000                         3                         0                         4                         4
  0.8461164150218807E-005   0.1030849773433054E+004   0.0000000000000000E+000                         3                         0                         5                         5
  0.3656460214607539E-005   0.1178296398688731E+004   0.0000000000000000E+000                         3                         0                         6                         6
  0.1600421963206061E-005   0.1323778473601022E+004   0.0000000000000000E+000                         3                         0                         7                         7
  0.7065921879449608E-006   0.1468114177427561E+004   0.0000000000000000E+000                         3                         0                         8                         8
  0.3259523980185692E-006   0.1608477456890006E+004   0.0000000000000000E+000                         3                         0                         9                         9
  0.1644267391684592E-006   0.1745972512997061E+004   0.0000000000000000E+000                         3                         0                        10                        10
  0.9577843995424754E-007   0.1882130954540323E+004   0.0000000000000000E+000                         3                         0                        11                        11
  0.6120497097678190E-007   0.2018203628905301E+004   0.0000000000000000E+000                         3                         0                        12                        12
  0.4063488200670179E-007   0.2155039044057727E+004   0.0000000000000000E+000                         3                         0                        13                        13
  0.2803907607346651E-007   0.2290891510017257E+004   0.0000000000000000E+000                         3                         0                        14                        14
  0.2051639982809807E-007   0.2425645183826979E+004   0.0000000000000000E+000                         3                         0                        15                        15
  0.1640203638555960E-007   0.2560496728133203E+004   0.0000000000000000E+000                         3                         0                        16                        16
  0.1399881651330117E-007   0.2695811837259548E+004   0.0000000000000000E+000                         3                         0                        17                        17
  0.1228648576483584E-007   0.2832158933684554E+004   0.0000000000000000E+000                         3                         0                        18                        18
  0.1101521716817227E-007   0.2968919231829202E+004   0.0000000000000000E+000                         3                         0                        19                        19
  0.1003029339851458E-007   0.3105608614935434E+004   0.0000000000000000E+000                         3                         0                        20                        20
  0.9377262511490407E-008   0.3242641704351920E+004   0.0000000000000000E+000                         3                         0                        21                        21
  0.9013486841955973E-008   0.3379809414510650E+004   0.0000000000000000E+000                         3                         0                        22                        22
  0.8794371723883725E-008   0.3517465849481620E+004   0.0000000000000000E+000                         3                         0                        23                        23
  0.8702355941471999E-008   0.3655573064666906E+004   0.0000000000000000E+000                         3                         0                        24                        24
  0.8668308168516757E-008   0.3793782837851105E+004   0.0000000000000000E+000                         3                         0                        25                        25
  0.8697299691768133E-008   0.3932381692137692E+004   0.0000000000000000E+000                         3                         0                        26                        26
  0.8801982485693983E-008   0.4071078317646939E+004   0.0000000000000000E+000                         3                         0                        27                        27
  0.8937320068093985E-008   0.4209925778455890E+004   0.0000000000000000E+000                         3                         0                        28                        28
  0.9149713306677528E-008   0.4349013034181490E+004   0.0000000000000000E+000                         3                         0                        29                        29
  0.9403508011176702E-008   0.4488103144774785E+004   0.0000000000000000E+000                         3                         0                        30                        30
